algorithm	crossover	mutation	selection			
no.1	order	swap	elitism			
no.2	cycle	scramble	tournament			
no.3	pmx	insert	elitism			
						
no.1						
COST(min)	10	20	50	100		
EIL51	1412.3707	1475.4524	1436.7262	1412.348	0	
	502.8667		509.8614		469.7085		481.5912	5000	
	496.8333		486.9186		469.7085		466.9828	10000	
	496.8333		486.9186		469.7085		466.9828	20000	480.1108
						
EIL76	2339.4174	2289.7703	2140.821		2226.0763		
	740.9933		723.3227		588.8136		643.7664		
	699.4316		682.0698		588.5306		640.6235		
	694.0519		682.0698		588.5306		640.6235		651.31895
						
EIL101	3237.2563	3110.2298	3116.3066	3026.4422		
	993.4389		1030.918		955.713		890.9329		
	913.9471		947.7629		880.0971		829.5894		
	871.7967		884.539		836.5657		761.8862		838.6969
						
ST70	3316.8307	3201.0411	3332.9375	3096.7537		
	898.057		1141.132		1010.7085	903.2947		
	871.1023		1072.1413	997.3549		862.9472		
	871.1023		966.6687		997.3549		860.1327		923.81465
						
KROA100	161812.3983	161410.2316	151100.1185	151919.9219		
	41543.8912	36813.9372	32906.4676	34165.931		
	34399.4891	34727.5957	30150.4444	30201.6083		
	31529.5783	32597.683	28713.0712	29938.5639		30694.7241
						
KROC100	156826.1926	154464.6751	138321.4746	144948.7131		
	47639.5609	39941.2516	42671.8852	45711.361		
	40443.773	33742.6019	36724.2783	36079.0085		
	39929.6931	32982.0179	33034.1567	31029.0233		34243.72275
						
KROD100	151480.4327	146685.8323	142930.1621	138373.9682		
	42663.4795	43450.9054	31487.0032	32440.2745		
	37708.5882	37546.9396	28752.4162	30803.4495		
	36289.9727	36066.8807	28575.846	28287.1501		32304.96238
						
LIN105	118062.8996	110559.8649	106763.0904	107011.051		
	33228.5665	34548.5916	28374.9018	21190.3079		
	28984.1446	32187.1079	25282.9132	20384.9909		
	27451.5422	31555.319	24152.5523	20142.0581		25825.3679
						
PCB442	756035.1458	746780.9232	740963.4914	738997.9288		
	310171.4438	283074.5207	260492.6463	258841.5472		
	268028.9393	239139.9005	229029.5646	221973.8313		
	233402.8094	202575.7937	200379.8451	195961.2543		208079.9256
						
PR2392			14893859.8			
			7307446.178			
			6454865.393			
			5661237.596			
						
						
						
no.2						
COST(min)	10	20	50	100		
EIL51	1480.6825	1322.9874	1421.0526	1379.5359	0	
	745.7838		792.5196		685.2041		580.155	5000	
	689.4118		742.7052		673.2546		565.7429	10000	
	669.1797		641.4282		643.2557		564.9312	20000	629.6987
						
EIL76	2244.1553	2398.0359	2226.5397	2228.4387		
	1411.7707	1340.6805	1269.0069	997.8113		
	1350.4051	1214.8889	1183.7202	964.2939		
	1230.6939	1122.4023	1032.9526	946.578		1083.1567
						
EIL101	3267.9479	3017.1732	3095.5666	3037.7382		
	1919.6904	1964.7682	1749.5897	1647.0858		
	1821.6922	1815.0618	1673.3923	1538.0715		
	1734.0292	1742.7795	1537.3949	1454.0489		1617.063125
						
ST70	3292.6277	3344.1929	3192.886	3126.844		
	1730.7189	1803.7312	1512.9357	1515.8624		
	1596.8522	1680.5303	1435.2389	1507.4998		
	1460.6192	1564.8884	1357.4609	1408.8008		1447.942325
						
KROA100	146898.052	150123.5167	146454.2673	140132.9789		
	81097.7747	76295.4405	76268.1494	68317.2964		
	73319.9037	70433.5062	71585.0705	66447.7097		
	70889.8064	62667.3498	65460.2941	62385.313		65350.69083
						
KROC100	154611.8993	157589.3581	146266.0831	146629.2853		
	86087.7203	84487.2872	65324.5942	59757.3819		
	80711.5058	78029.6508	61833.155	57517.5031		
	74978.0335	70643.2505	57933.9812	55593.6072		64787.2181
						
KROD100	155889.4902	151521.795	148282.1839	144755.3784		
	79188.3143	81434.8313	73497.3215	60055.0885		
	76333.6287	73379.4006	67315.0835	55002.7698		
	69336.7131	66416.6272	60668.889	49829.0876		61562.82922
						
LIN105	105615.2524	113317.8051	107680.2347	109509.0362		
	60603.8116	67385.2302	62622.4976	48250.6077		
	54371.6754	59813.0793	57822.2019	44391.9788		
	48005.0153	55612.5726	52174.0817	43101.7547		49723.35608
						
PCB442	750578.053	753587.0708	736203.5325	733581.1452		
	593929.4373	566832.9819	594628.4659	569853.8634		
	564561.9179	540899.3246	572842.1492	too slow, didn't finish		
	541301.1733	527587.7542	550426.7105			
						
PR2392			14955062.63		0	
			14051724.23		1000	
			too slow, didn't finish			
						
						
						
no.3						
COST(min)	10	20	50	100		
EIL51	1535.9607	1466.5216	1410.9276	1453.3296	0	
	456.8217		474.8744		512.4849		494.0685	5000	
	456.8217		474.8744		512.4849		494.0685	10000	
	456.8217		474.8744		512.4849		494.0685	20000	484.562375
						
EIL76	2339.7589	2289.4582	2222.8059	2263.654		
	719.0127		595.448		661.0466		700.8836		
	719.0127		595.448		661.0466		700.8836		
	719.0127		595.448		661.0466		700.8836		669.097725
						
EIL101	3324.8671	3092.3121	3161.2121	3103.1529		
	990.1464		830.4389		848.8583		932.2096		
	798.6918		774.7866		848.8583		932.2096		
	789.3812		774.7866		848.8583		932.2096		836.308925
						
ST70	3196.3306	3160.2104	3099.3728	3076.4506		
	878.052		916.0836		872.7493		797.0859		
	878.052		916.0836		872.7493		797.0859		
	878.052		916.0836		872.7493		797.0859		865.9927
						
KROA100	158927.6075	155865.3715	143136.3694	144973.4041		
	37159.6361	34714.8097	29279.6086	31582.043		
	35147.4702	29599.2075	26818.1929	31582.043		
	35132.1507	29599.2075	26818.1929	31582.043		30782.89853
						
KROC100	157759.7369	148299.0006	148557.9493	141987.5133		
	41352.6262	28511.3237	28228.9255	31944.9368		
	36473.7539	27853.7845	27249.596	27837.0797		
	36473.7539	27853.7845	27249.596	27837.0797		29853.55353
						
KROD100	147669.5745	145481.8732	146448.1676	143842.1285		
	32704.6233	30397.5225	31738.8612	29672.8748		
	28706.9858	29820.3359	28645.5774	29080.3664		
	28147.3826	29820.3359	28645.5774	29080.3664		28923.41558
						
LIN105	119244.6869	111411.5895	103324.8452	110920.8456		
	21395.7461	23934.8143	21663.3257	23371.9689		
	18487.9086	23874.026	21519.3091	23069.7663		
	18282.472	23874.026	21519.3091	23069.7663		21686.39335
						
PCB442	754778.931	720864.9484	740336.186	743922.478		
	273776.5622	274463.9657	254240.9786	260678.9667		
	219695.6489	233777.8812	215334.3759	222720.7129		
	188310.1581	192550.6685	180733.1637	182201.5099		185948.8751
						
PR2392			15003125.13	0		
			9525516.466	1000		
			too slow, didn't finish			
