best algorithm： pmx insert elitism
round	EIL51		EIL76		EIL101		ST70		KROA100		KROC100		KROD100		LIN105		PCB442	PR2392
1	458.4077		728.581		837.1437		833.8962		28955.2056	28416.4577	26006.4928	17730.8299	too long have to give up	
2	472.1033		635.1708		848.004		768.4244		31525.1002	27958.6921	30464.1178	22226.1165		
3	507.1436		646.6343		715.6891		821.5575		32003.0937	29791.9814	28953.5325	21025.9185		
4	520.3319		564.2923		740.6597		770.98		27763.7762	30659.0834	29734.3455	22822.5133		
5	517.925		675.6535		816.3183		930.4123		29109.5317	27643.3798	28884.898	17849.6615		
6	485.933		631.6607		803.5041		765.4622		35254.9216	31843.7562	32135.2723	21591.1596		
7	484.0713		624.2529		784.9475		830.2372		33276.1746	29009.2868	27729.1312	21101.4162		
8	443.6742		686.6995		807.992		729.8728		31303.1773	30700.5795	30084.5201	21886.1826		
9	475.1986		704.7269		876.8134		810.4055		28431.2114	29209.1257	28997.9415	24165.8803		
10	499.5842		643.4472		803.8618		854.882		28202.6165	28936.0629	32768.4489	19806.0966		
11	449.572		642.6339		782.6089		758.1955		26199.329	28366.147	29695.037	19522.219		
12	463.3345		612.3661		862.3805		801.6932		25080.1459	35345.7483	36529.3792	22532.5592		
13	565.211		629.9583		776.6232		828.4887		27752.2257	31363.0113	33662.8081	20758.3156		
14	473.5814		619.9064		902.3156		787.1986		29279.9265	29902.3394	34006.1635	21756.7151		
15	485.4441		629.0669		791.6665		882.4256		27927.3849	25542.63		29240.5874	18726.6143		
16	463.5367		675.8882		796.9614		860.9382		30230.6701	25700.5622	30375.0171	21540.15		
17	487.1852		644.1058		768.8875		798.9215		27197.9243	35474.4894	29917.9498	20848.7335		
18	517.9494		734.9991		785.9671		735.6282		31180.6358	32667.7373	37843.1691	20850.9387		
19	478.2429		653.5184		760.9276		907.4383		29526.9608	27428.5732	29148.1645	18530.514		
20	452.9754		704.5056		782.7982		850.4751		29117.5674	26669.2018	28646.5612	23396.3096		
										
best	443.6742		564.2923		715.6891		729.8728		25080.1459	25542.63		26006.4928	17730.8299		
avg	485.07027	654.40339	802.303505	816.37665	29465.87896	29631.44227	30741.17688	20933.4422		
stdev	29.58102463	42.01220183	45.28658494	54.63305188	2428.702238	2742.250657	2928.675574	1783.724412		
median	481.1571		643.7765		794.31395	815.9815		29113.54955	29109.20625	29826.14765	21063.66735		
25	463.5367		629.9583		782.6089		770.98		27927.3849	27958.6921	28997.9415	19806.0966		
75	507.1436		675.8882		816.3183		854.882		31303.1773	31363.0113	32768.4489	22226.1165		
